,0,1
0,2089,295
1,0,2465
