,0,1
0,11204,0
1,265,16533
