,0,1
0,1404,33
1,31,3429
